Probe 211 430 990  reaches bucket: 8 elements
477 670 428 
94 940 449 
334 683 503 
235 668 519 
270 473 811 
4 891 873 
199 418 902 
200 756 929 
Probe 385 991 921  reaches bucket: 8 elements
477 670 428 
94 940 449 
334 683 503 
235 668 519 
270 473 811 
4 891 873 
199 418 902 
200 756 929 
Probe 687 358 731  reaches bucket: 8 elements
764 300 691 
799 27 701 
682 323 735 
833 465 757 
634 610 793 
615 47 849 
837 388 915 
672 553 947 
Probe 800 148 105  reaches bucket: 8 elements
580 396 70 
887 69 72 
799 614 199 
990 44 483 
994 100 567 
626 554 603 
990 534 612 
939 310 671 
Probe 854 484 753  reaches bucket: 8 elements
764 300 691 
799 27 701 
682 323 735 
833 465 757 
634 610 793 
615 47 849 
837 388 915 
672 553 947 
Probe 274 368 52  reaches bucket: 8 elements
332 70 59 
34 215 156 
218 249 173 
133 57 228 
450 383 243 
445 254 330 
54 193 421 
296 95 433 
Probe 903 804 969  reaches bucket: 8 elements
586 836 508 
865 806 586 
965 764 621 
619 738 623 
798 801 645 
946 812 716 
687 865 843 
494 728 918 
Probe 18 77 308  reaches bucket: 8 elements
332 70 59 
34 215 156 
218 249 173 
133 57 228 
450 383 243 
445 254 330 
54 193 421 
296 95 433 
Probe 818 448 286  reaches bucket: 8 elements
580 396 70 
887 69 72 
799 614 199 
990 44 483 
994 100 567 
626 554 603 
990 534 612 
939 310 671 
Probe 425 673 234  reaches bucket: 8 elements
39 798 14 
111 851 38 
125 415 108 
39 440 112 
175 975 114 
441 697 210 
72 521 228 
199 886 320 
